2364650
2320019
2398299
2315644
2388293
2376785
2416601
2355191
2401196
2392373
2326992
2413124
2417196
2328203
2388700
2358544
2401340
2366403
2325365
2317519
2393414
2318546
2387273
2340423
2378559
2324317
2393539
2360740
2388295
2395289
2361034
2417045
2368694
2342027
3642
2325221
2331151
2406696
2370756
2383351
2394284
2375107
2363174
2354307
2338341
2319545
2318965
2341635
2369067
2334896
2364640
2329391
2397946
2317399
2417533
2316436
2346037
2344889
2330869
2326979
2345325
2344591
2369482
2328063
2375663
2357247
2385292
2353859
2392644
2342906
2334149
2366977
2350271
2366255
2406343
2315762
2414592
2328653
916
2404314
2391784
2333992
2339116
2315749
2331002
2373260
2401714
2357536
2403572
2412014
2338347
2352538
2392497
2382220
2324329
2315956
2355758
2390520
2327446
2358535
2317997
2335479
2376628
2328806
2387288
2316083
2337206
2352291
2324040
2316727
2347170
2343446
2403297
2331890
2354745
2411155
882
2318680
2379424
2371914
